21 01 06 10 B0 01 00 06 B4 9E 01 92 01 74 01 B7 01 A7 01 8F 01 7D 01 98 01 A7 01 B1 01 7F 01 7C
01 80 01 99 01 A4 01 77 01 7A 01 9A 01 C8 01 B4 01 B9 01 9D 01 A5 01 8A 01 98 01 56 01 82 01 74
01 AD 01 B8 01 A7 01 8B 01 BC 01 84 01 66 01 89 01 4B 01 44 01 60 01 6D 01 48 01 CD 01 70 01 6E
01 76 01 74 01 82 01 64 01 63 01 63 01 50 01 69 01 84 01 59 01 47 01 54 01 4E 01 66 01 70 01 39
01 56 01 4D 01 53 01 7E 01 56 01 3D 01 44 01 2F 01 5B 01 41 01 4C 01 36 01 3F 01 3D 01 2C 01 26
01 45 01 63 01 34 01 42 01 47 01 58 01 43 01 2E 01 39 01 3B 01 40 01 39 01 31 00 FE 01 39 01 32
01 4C 01 0E 01 59 01 36 01 61 01 22 01 2B 01 44 01 4D 01 20 01 27 01 2B 01 4E 01 26 01 2E 01 23
01 11 01 1B 01 31 01 29 01 2F 01 28 01 21 01 04 01 30 01 0D 01 34 01 14 01 22 01 2E 01 4C 01 44
01 18 01 35 01 31 01 32 01 32 01 06 01 1C 01 0A 01 25 01 0F 01 6B 01 2A 01 27 01 2C 01 5B 01 13
01 33 01 27 01 5C 01 25 01 13 01 61 01 31 01 4A 01 3E 01 29 01 34 01 24 01 15 01 1F 01 48 01 54
01 2A 01 3C 01 2B 01 34 01 56 01 2F 01 30 01 2F 01 30 01 55 01 43 01 06 01 2F 01 42 01 20 01 17
01 05 01 59 01 3F 01 28 01 33 01 3E 01 2E 01 0F 01 3C 01 2D 01 11 01 27 01 2B 01 16 01 18 01 1E
01 3F 01 41 01 21 01 22 01 49 01 13 01 50 01 06 01 37 01 36 01 51 01 5A 00 F5 01 0B 01 19 01 18
01 3D 01 48 01 29 01 3C 01 20 01 56 01 06 01 0E 01 34 01 1A 01 47 01 09 01 39 01 20 01 33 01 09
01 40 01 3E 01 1C 01 2D 01 08 01 1A 01 15 01 36 01 16 00 E2 01 2F 01 20 00 F9 01 1D 01 3D 01 1F
01 16 01 26 01 48 01 0C 01 15 01 0B 01 03 00 F2 01 2E 01 1A 01 29 01 09 01 3F 01 01 01 27 01 0C
21 01 06 10 B0 01 00 06 B4 9E 01 92 01 74 01 B7 01 A7 01 8F 01 7D 01 98 01 A7 01 B1 01 7F 01 7C
01 80 01 99 01 A4 01 77 01 7A 01 9A 01 C8 01 B4 01 B9 01 9D 01 A5 01 8A 01 98 01 56 01 82 01 74
01 AD 01 B8 01 A7 01 8B 01 BC 01 84 01 66 01 89 01 4B 01 44 01 60 01 6D 01 48 01 CD 01 70 01 6E
01 76 01 74 01 82 01 64 01 63 01 63 01 50 01 69 01 84 01 59 01 47 01 54 01 4E 01 66 01 70 01 39
01 56 01 4D 01 53 01 7E 01 56 01 3D 01 44 01 2F 01 5B 01 41 01 4C 01 36 01 3F 01 3D 01 2C 01 26
01 45 01 63 01 34 01 42 01 47 01 58 01 43 01 2E 01 39 01 3B 01 40 01 39 01 31 00 FE 01 39 01 32
01 4C 01 0E 01 59 01 36 01 61 01 22 01 2B 01 44 01 4D 01 20 01 27 01 2B 01 4E 01 26 01 2E 01 23
01 11 01 1B 01 31 01 29 01 2F 01 28 01 21 01 04 01 30 01 0D 01 34 01 14 01 22 01 2E 01 4C 01 44
01 18 01 35 01 31 01 32 01 32 01 06 01 1C 01 0A 01 25 01 0F 01 6B 01 2A 01 27 01 2C 01 5B 01 13
01 33 01 27 01 5C 01 25 01 13 01 61 01 31 01 4A 01 3E 01 29 01 34 01 24 01 15 01 1F 01 48 01 54
01 2A 01 3C 01 2B 01 34 01 56 01 2F 01 30 01 2F 01 30 01 55 01 43 01 06 01 2F 01 42 01 20 01 17
01 05 01 59 01 3F 01 28 01 33 01 3E 01 2E 01 0F 01 3C 01 2D 01 11 01 27 01 2B 01 16 01 18 01 1E
01 3F 01 41 01 21 01 22 01 49 01 13 01 50 01 06 01 37 01 36 01 51 01 5A 00 F5 01 0B 01 19 01 18
01 3D 01 48 01 29 01 3C 01 20 01 56 01 06 01 0E 01 34 01 1A 01 47 01 09 01 39 01 20 01 33 01 09
01 40 01 3E 01 1C 01 2D 01 08 01 1A 01 15 01 36 01 16 00 E2 01 2F 01 20 00 F9 01 1D 01 3D 01 1F
01 16 01 26 01 48 01 0C 01 15 01 0B 01 03 00 F2 01 2E 01 1A 01 29 01 09 01 3F 01 01 01 27 01 0C
01 2E 00 ED 01 24 01 1D 01 3E 01 01 00 FC 01 20 01 20 01 19 00 E8 01 14 01 14 01 08 01 02 01 22
01 40 01 00 01 1E 01 07 01 19 01 2C 01 24 01 19 01 2B 01 30 00 EC 00 EA 01 1E 01 05 01 12 01 16
01 0F 01 0B 01 1A 01 1F 01 2D 01 09 01 3F 01 05 01 07 01 24 01 5A 01 05 01 08 01 33 01 38 01 23
01 26 01 2A 00 F1 00 F2 00 DB 01 3F 01 79 01 32 01 33 00 FF 01 3D 01 14 01 43 01 27 01 49 01 34
01 18 01 59 01 2B 01 16 01 0A 01 20 01 16 01 51 00 F5 01 4B 01 0A 01 1D 01 14 01 3E 01 27 01 05
01 30 01 24 01 13 01 15 01 16 01 20 01 2C 00 FF 01 10 01 15 01 18 00 D8 01 1B 01 28 01 2E 01 2A
01 1C 01 1B 01 14 01 0B 01 25 01 2E 01 05 01 24 01 11 01 0A 01 1D 01 28 01 2E 01 06 01 0B 01 2E
01 1C 01 23 01 41 01 23 01 1D 01 1A 01 2F 01 02 01 41 01 00 01 3D 00 ED 01 19 00 E6 01 28 01 08
01 06 01 16 00 F7 00 FC 01 2C 01 13 00 F9 00 FB 01 0C 01 44 01 21 01 38 01 6F 00 F8 01 3C 01 28
01 28 00 FF 01 32 01 1C 01 06 01 2E 00 FF 00 D5 01 34 01 39 01 31 01 07 01 2A 01 24 01 28 01 22
01 1D 01 0B 01 04 01 32 01 2B 01 0C 01 1F 01 24 01 11 01 1B 01 22 01 37 01 28 01 40 01 1D 01 35
01 13 01 10 01 2C 01 12 01 18 01 3B 01 2E 01 30 01 29 01 04 01 2F 01 2B 01 2A 01 24 01 2E 00 FF
00 FD 01 11 01 48 01 0D 00 FD 00 FE 00 D8 01 36 01 02 00 DA 00 F3 00 FC 01 3B 01 2B 00 FD 00 F9
01 00 00 F9 01 31 01 08 00 FE 01 4A 01 1A 01 08 01 2C 01 13 01 43 01 1D 01 2E 01 08 01 1F 01 15
01 1E 01 5D 01 1E 01 07 01 3A 00 E5 01 40 01 13 00 FF 01 1F 01 34 01 14 01 11 01 09 01 41 00 EA
01 24 01 62 01 3A 01 28 01 11 01 30 01 31 01 19 01 28 01 0A 01 34 01 14 01 04 01 0A 01 15 00 FC
01 14 01 40 01 09 01 36 01 2A 01 34 01 1E 01 2C 01 13 00 F3 01 30 00 E5 01 1E 01 2B 01 17 01 00
01 16 01 3B 01 41 00 F9 01 1E 01 33 01 35 01 06 01 12 01 05 01 21 01 1E 01 0B 01 35 01 24 01 02
01 07 01 15 00 FE 01 08 01 35 01 15 00 F6 01 4B 00 EA 00 DC 01 06 00 E5 01 1B 01 0B 01 26 01 4F
01 0C 01 03 01 01 01 0B 01 35 01 22 01 0D 00 E6 01 0F 01 0C 01 33 00 F0 00 FD 00 ED 00 FC 01 15
01 22 01 28 01 34 00 E6 01 18 01 0F 00 FC 00 F2 00 F9 01 20 00 F1 01 2C 01 31 01 38 00 D2 00 E6
01 0E 01 08 01 26 01 0D 01 0B 01 07 01 30 00 EF 01 12 01 0F 01 1B 01 2C 01 1D 01 09 01 25 01 0B
01 20 01 2A 01 22 01 4E 01 1D 01 18 01 39 01 59 01 23 01 10 01 20 01 06 01 0A 01 13 01 22 01 10
01 3F 01 11 00 FD 01 29 01 36 01 51 01 1E 01 28 01 46 01 1D 01 38 01 2D 00 F8 01 2F 01 44 01 16
01 2E 01 1E 01 49 01 40 01 2B 01 49 01 17 00 FC 01 3A 01 29 01 04 01 23 01 1C 01 11 00 F0 01 48
01 4B 00 F0 01 26 01 14 01 16 01 31 01 22 01 15 01 10 01 25 00 FA 01 1B 01 24 01 00 01 28 00 F5
00 EF 01 56 01 12 00 FA 01 24 00 F7 01 39 00 FB 01 31 00 F8 01 39 01 1C 01 05 01 34 01 3A 01 14
01 08 01 04 00 EA 01 01 01 44 01 0A 01 30 01 05 01 1C 01 2E 01 0D 01 12 01 38 00 D4 01 2D 01 1A
01 1D 01 12 01 02 01 1E 01 01 01 06 01 4B 00 F9 00 FD 00 F6 01 0F 01 03 01 0E 00 C6 01 31 00 F9
00 EF 01 4D 01 21 01 06 00 F8 01 1D 01 12 01 20 01 27 01 34 01 1C 01 13 01 16 01 3B 01 28 01 3E
01 0D 00 E9 01 17 01 02 01 01 01 2C 00 FE 01 27 01 13 00 F2 01 06 01 23 01 1F 01 2B 00 E1 01 29
01 5F 01 23 01 15 01 10 01 08 01 23 01 39 01 32 00 F2 01 14 01 57 01 2C 01 03 01 25 01 28 01 23
01 12 01 13 01 1E 01 06 01 29 01 09 01 43 01 15 01 4F 01 20 01 08 00 F5 01 3E 01 19 01 1A 01 52
01 12 01 09 00 F8 01 25 01 07 01 07 00 FC 01 34 01 2A 01 43 00 F5 01 20 01 32 01 3F 01 1D 01 14
01 22 01 2D 01 2D 01 0E 01 10 01 17 01 30 01 30 01 21 01 18 01 41 01 18 01 32 01 34 01 1A 00 F0
01 0A 00 E1 01 22 00 ED 01 06 01 25 01 02 01 1B 00 FE 01 13 01 62 01 0D 01 09 01 17 00 E9 01 3F
01 1E 01 22 01 1D 01 06 01 1D 01 21 01 21 01 24 01 15 01 10 01 24 01 20 01 10 01 06 01 1C 01 0E
01 22 01 14 01 11 01 1A 01 2B 01 39 01 26 01 18 01 05 01 23 01 44 00 FF 01 0C 01 1E 00 FB 01 0E
01 0B 01 0E 01 07 01 29 01 1B 01 2D 01 23 01 2F 01 4C 01 1F 01 24 01 33 01 37 01 20 01 37 01 56
01 27 01 0D 00 FC 01 11 01 0B 01 1D 01 52 01 46 01 22 01 21 01 12 01 21 01 1D 00 F7 01 1A 01 03
01 24 01 38 01 07 01 17 00 F7 01 22 01 58 00 F5 01 15 01 21 01 05 01 02 01 10 00 FA 01 24 01 14
01 43 01 2C 01 2F 01 5E 01 40 01 4D 01 40 01 15 01 17 01 14 01 44 01 32 01 08 01 35 01 2C 01 0E
01 0B 01 28 01 46 01 24 01 51 01 1B 01 3A 01 17 01 6C 00 DE 01 03 01 0D 01 19 01 26 01 1D 01 0B
01 16 01 1A 01 03 01 32 01 15 01 1D 01 39 01 0B 01 27 01 18 01 32 01 1E 01 19 01 2D 01 18 01 3F
01 2B 01 5E 01 08 01 16 01 3B 01 15 01 1F 01 44 01 2F 01 0B 01 4C 01 31 01 64 01 25 01 65 01 32
01 0A 01 3A 01 56 01 14 01 25 01 61 01 21 01 35 01 18 01 32 01 32 01 3E 01 12 01 20 01 3D 01 57
01 33 01 75 01 24 01 2E 01 2F 01 35 01 18 01 4C 01 43 01 25 01 20 01 38 00 FE 01 27 01 36 01 38
01 24 01 0D 01 0F 00 F5 01 14 01 2A 01 40 01 0B 01 34 01 52 01 11 01 4E 00 F1 01 24 01 4D 01 52
01 2F 01 14 01 10 01 24 01 25 01 15 01 2C 01 20 01 2C 00 FE 01 42 01 4E 01 2A 01 14 01 31 01 31
01 15 01 21 01 10 01 1E 01 48 01 58 01 00 01 56 01 71 01 50 01 5E 01 56 01 47 01 32 01 0E 01 45
01 4D 01 39 01 27 01 49 01 44 01 30 01 2A 01 2B 01 36 01 30 01 06 01 2F 01 49 01 69 01 36 01 2F
01 2B 00 FC 01 4C 01 2F 01 33 01 3D 01 28 01 3C 01 3D 01 43 01 42 01 3C 01 34 01 2C 01 51 01 4D
01 42 01 3A 01 4A 01 44 01 3A 01 1D 01 31 01 51 01 3C 01 1F 01 38 01 22 01 58 01 48 01 4F 01 2C
01 2D 01 4E 01 38 01 15 01 2A 01 52 01 31 01 38 01 2C 01 31 01 2B 01 54 01 42 01 20 01 6A 01 11
01 4A 01 31 01 3C 01 4F 01 2E 01 33 01 76 01 22 01 33 01 47 01 57 00 E5 01 2F 01 2D 01 45 01 23
01 64 01 43 01 18 01 24 01 11 01 3C 01 21 01 28 01 6E 01 0A 01 00 00 FC 01 36 01 3B 01 23 01 36
01 36 01 1D 01 33 01 1D 01 33 01 33 01 32 01 19 01 30 00 FF 01 09 01 1B 01 3A 01 3E 01 15 01 2C
01 0F 01 39 01 37 01 2C 01 50 01 47 01 22 01 21 01 3A 01 3C 01 45 01 17 01 24 01 2D 01 20 01 22
01 13 01 2C 01 26 01 3C 01 51 01 29 01 16 01 5B 01 3C 01 34 01 56 01 0B 01 11 01 12 01 36 01 39
01 07 01 46 01 37 01 5F 01 14 01 35 01 35 01 3F 01 37 01 3C 01 1E 01 14 01 21 01 2D 01 1A 01 21
01 5A 01 3C 01 3A 01 2F 01 5A 01 4F 01 32 01 53 01 39 01 33 01 3D 01 41 01 2D 01 44 01 4D 01 4A
01 3E 01 5C 01 3E 01 70 01 3D 01 57 01 50 01 49 01 40 01 2A 01 35 01 42 01 46 01 4A 01 61 01 36
01 39 01 77 01 21 01 56 01 37 01 5C 01 45 01 46 01 57 01 69 01 4E 01 5A 01 3B 01 5F 01 38 01 45
01 2B 01 41 01 4F 00 F0 01 2C 01 57 01 3C 01 45 01 40 01 24 01 2F 01 5E 01 2C 01 6A 01 5C 01 23
01 2B 01 3E 01 35 01 26 01 61 01 29 01 43 01 5A 01 2D 01 1C 01 32 01 57 01 37 01 36 01 44 01 3F
01 3D 01 75 01 1B 01 26 01 35 01 68 01 3E 01 41 01 6D 01 26 01 28 01 17 01 56 01 48 01 57 01 34
01 47 01 65 01 38 01 33 01 64 01 23 01 1C 01 32 01 2F 01 38 01 37 01 54 01 37 01 3F 01 0E 01 3F
01 36 01 61 01 3F 01 27 01 0F 01 35 01 38 01 1D 01 47 01 37 01 06 01 34 01 2C 01 39 01 2B 01 2F
01 4A 01 04 01 18 01 23 01 3D 01 0F 01 1A 01 20 00 F3 01 02 01 21 01 2D 01 28 01 39 01 15 01 20
01 14 01 5C 01 08 01 2C 01 3C 01 24 01 3C 01 40 01 40 01 1A 01 3E 01 30 01 2A 01 1A 01 4B 01 5B
01 32 01 39 01 49 01 3B 01 37 01 2B 01 5E 01 72 01 3F 01 13 01 5F 01 4F 01 5B 01 3B 01 33 01 25
01 1D 01 13 01 33 01 33 01 38 01 2E 01 0F 01 45 01 25 01 52 01 69 01 59 01 4E 03 32 01 33 01 56
01 7A 01 4F 01 37 01 43 01 7B 01 4D 01 7D 01 3F 01 59 01 55 01 40 01 62 01 3F 01 46 01 8C 01 72
01 4B 01 5F 01 3B 01 5C 01 21 01 6F 01 63 01 6F 01 5A 01 42 01 6F 01 35 01 55 01 6F 01 73 01 63
01 80 01 50 01 69 01 79 01 75 01 3E 01 5E 01 58 01 86 01 3C 01 71 01 5B 01 5C 01 6D 01 4E 01 66
01 83 01 5C 01 50 01 6F 01 65 01 69 01 54 01 5C 01 45 01 82 01 72 01 50 01 54 01 62 01 73 01 59
01 72 01 56 01 8F 01 2B 01 76 01 3D 01 39 01 6D 01 41 01 77 01 46 01 4E 01 60 01 2E 01 7B 01 4D
01 5D 01 56 01 75 01 5F 01 4C 01 4A 01 37 01 56 01 3D 01 66 01 4F 01 69 01 5D 01 68 01 63 01 5D
01 60 01 5C 01 40 01 57 01 52 01 5A 01 30 01 42 01 6F 01 7D 01 61 01 84 01 83 01 65 01 58 01 36
01 66 01 4F 01 60 01 6C 01 79 01 53 01 77 01 64 01 62 01 80 01 55 01 39 01 68 01 8B 01 6E 01 56
01 80 01 40 01 99 01 5B 01 6F 01 3E 01 64 01 74 01 71 01 59 01 4D 01 48 01 64 01 62 01 66 01 80
01 B6 01 4C 01 9F 01 71 01 4C 01 45 01 74 01 55 01 A8 01 74 01 74 01 90 01 5C 01 40 01 5C 01 6A
01 62 01 32 01 66 01 58 01 65 01 6B 01 47 01 81 01 5C 01 50 01 7B 01 39 01 2E 01 3E 01 4E 01 2F
01 4E 01 67 01 73 01 63 01 67 01 81 01 9D 01 8D 01 5F 01 69 01 A4 01 8A 01 7C 01 63 01 78 01 64
01 89 01 52 01 9D 01 46 01 7C 01 86 01 4B 01 A2 01 7F 01 82 01 5F 01 75 01 81 01 45 01 71 01 77
01 8E 01 6A 01 86 01 68 01 5D 01 73 01 6D 01 6D 01 5A 01 68 01 81 01 60 01 72 01 91 01 62 01 6A
01 6E 01 4D 01 74 01 6D 01 6B 01 85 01 6C 01 64 01 7E 01 7D 01 7C 01 56 01 66 01 53 01 76 01 5A
01 7F 01 61 01 75 01 73 01 69 01 6B 01 7C 01 68 01 6D 01 68 01 55 01 62 01 82 01 84 01 5C 01 5A
01 5F 01 7B 01 8C 01 6C 01 5F 01 5B 01 67 01 AC 01 54 01 67 01 87 01 85 01 78 01 7A 01 49 01 5B
01 92 01 68 01 85 01 5A 01 71 01 7F 01 90 01 6C 01 91 01 74 01 8B 01 7C 01 60 01 70 01 7C 01 5F
01 68 01 72 01 7C 01 8E 01 93 01 84 01 8B 01 86 01 81 01 73 01 76 01 61 01 75 01 66 01 79 01 77
01 94 01 9E 01 9B 01 78 01 93 01 90 01 BB 01 95 01 8C 01 9D 01 7E 01 B3 01 AE 01 8E 01 76 01 77
01 7F 01 83 01 A5 01 97 01 8F 01 85 01 71 01 6C 01 77 01 9B 01 B2 01 94 01 98 01 95 01 9B 01 A9
01 88 01 A4 01 90 01 AB 01 8A 01 AA 01 A2 01 B2 01 B5 01 97 01 8F 01 A7 01 BD 01 A4 01 91 01 B9
01 99 01 84 01 80 01 B8 01 9C 01 9E 01 B2 01 84 01 6E 01 7C 01 AD 01 B5 01 8E 01 8F 01 84 01 8A
01 A6 01 71 01 7D 01 8C 01 75 01 9F 01 B6 01 9A 01 92 01 A2 01 87 01 75 01 A1 01 93 01 8B 01 9D
01 92 01 78 01 79 01 A5 01 92